rectangle,42,25,68,25,68,70,42,70
circle,35,59,1,63
triangle,42,79,42,70,68,70
square,42,25,68,25
recCircle,42,25,68,25,68,70,42,70,35,59,1,63
house,42,70,42,25,42,79,68,79,68,25
rectangle,65,62,6,62,6,28,65,28
circle,46,96,82,43
triangle,65,92,65,28,6,28
square,65,62,6,62
recCircle,65,62,6,62,6,28,65,28,46,96,82,43
house,65,28,65,62,65,92,6,92,6,62
rectangle,28,54,37,54,37,3,28,3
circle,92,83,5,22
triangle,28,93,28,3,37,3
square,28,54,37,54
recCircle,28,54,37,54,37,3,28,3,92,83,5,22
house,28,3,28,54,28,93,37,93,37,54
rectangle,17,72,19,72,19,27,17,27
circle,96,70,48,13
triangle,17,39,17,27,19,27
square,17,72,19,72
recCircle,17,72,19,72,19,27,17,27,96,70,48,13
house,17,27,17,72,17,39,19,39,19,72
rectangle,68,12,100,12,100,4,68,4
circle,36,34,95,74
triangle,68,23,68,4,100,4
square,68,12,100,12
recCircle,68,12,100,12,100,4,68,4,36,34,95,74
house,68,4,68,12,68,23,100,23,100,12
rectangle,65,48,42,48,42,69,65,69
circle,12,63,54,58
triangle,65,45,65,69,42,69
square,65,48,42,48
recCircle,65,48,42,48,42,69,65,69,12,63,54,58
house,65,69,65,48,65,45,42,45,42,48
rectangle,38,79,60,79,60,30,38,30
circle,24,36,42,91
triangle,38,17,38,30,60,30
square,38,79,60,79
recCircle,38,79,60,79,60,30,38,30,24,36,42,91
house,38,30,38,79,38,17,60,17,60,79
rectangle,43,65,89,65,89,43,43,43
circle,7,47,41,6
triangle,43,49,43,43,89,43
square,43,65,89,65
recCircle,43,65,89,65,89,43,43,43,7,47,41,6
house,43,43,43,65,43,49,89,49,89,65
rectangle,91,2,30,2,30,7,91,7
circle,71,49,51,30
triangle,91,94,91,7,30,7
square,91,2,30,2
recCircle,91,2,30,2,30,7,91,7,71,49,51,30
house,91,7,91,2,91,94,30,94,30,2
rectangle,24,67,85,67,85,41,24,41
circle,55,32,57,9
triangle,24,77,24,41,85,41
square,24,67,85,67
recCircle,24,67,85,67,85,41,24,41,55,32,57,9
house,24,41,24,67,24,77,85,77,85,67
rectangle,45,39,40,39,40,38,45,38
circle,27,83,24,30
triangle,45,19,45,38,40,38
square,45,39,40,39
recCircle,45,39,40,39,40,38,45,38,27,83,24,30
house,45,38,45,39,45,19,40,19,40,39
rectangle,42,5,34,5,34,59,42,59
circle,16,78,40,7
triangle,42,31,42,59,34,59
square,42,5,34,5
recCircle,42,5,34,5,34,59,42,59,16,78,40,7
house,42,59,42,5,42,31,34,31,34,5
rectangle,74,73,87,73,87,25,74,25
circle,22,30,46,78
triangle,74,71,74,25,87,25
square,74,73,87,73
recCircle,74,73,87,73,87,25,74,25,22,30,46,78
house,74,25,74,73,74,71,87,71,87,73
rectangle,74,62,98,62,98,91,74,91
circle,13,56,87,68
triangle,74,37,74,91,98,91
square,74,62,98,62
recCircle,74,62,98,62,98,91,74,91,13,56,87,68
house,74,91,74,62,74,37,98,37,98,62
rectangle,56,51,75,51,75,51,56,51
circle,32,25,53,67
triangle,56,42,56,51,75,51
square,56,51,75,51
recCircle,56,51,75,51,75,51,56,51,32,25,53,67
house,56,51,56,51,56,42,75,42,75,51
rectangle,31,58,8,58,8,38,31,38
circle,92,54,8,84
triangle,31,88,31,38,8,38
square,31,58,8,58
recCircle,31,58,8,58,8,38,31,38,92,54,8,84
house,31,38,31,58,31,88,8,88,8,58
rectangle,46,89,10,89,10,22,46,22
circle,10,47,59,7
triangle,46,23,46,22,10,22
square,46,89,10,89
recCircle,46,89,10,89,10,22,46,22,10,47,59,7
house,46,22,46,89,46,23,10,23,10,89
rectangle,31,63,14,63,14,92,31,92
circle,69,11,1,60
triangle,31,56,31,92,14,92
square,31,63,14,63
recCircle,31,63,14,63,14,92,31,92,69,11,1,60
house,31,92,31,63,31,56,14,56,14,63
rectangle,25,42,38,42,38,96,25,96
circle,49,51,84,92
triangle,25,3,25,96,38,96
square,25,42,38,42
recCircle,25,42,38,42,38,96,25,96,49,51,84,92
house,25,96,25,42,25,3,38,3,38,42
rectangle,37,49,75,49,75,22,37,22
circle,21,69,97,85
triangle,37,100,37,22,75,22
square,37,49,75,49
recCircle,37,49,75,49,75,22,37,22,21,69,97,85
house,37,22,37,49,37,100,75,100,75,49
rectangle,82,39,35,39,35,19,82,19
circle,54,89,100,28
triangle,82,1,82,19,35,19
square,82,39,35,39
recCircle,82,39,35,39,35,19,82,19,54,89,100,28
house,82,19,82,39,82,1,35,1,35,39
rectangle,68,8,29,8,29,84,68,84
circle,94,11,49,18
triangle,68,22,68,84,29,84
square,68,8,29,8
recCircle,68,8,29,8,29,84,68,84,94,11,49,18
house,68,84,68,8,68,22,29,22,29,8
rectangle,14,52,15,52,15,36,14,36
circle,10,50,17,20
triangle,14,1,14,36,15,36
square,14,52,15,52
recCircle,14,52,15,52,15,36,14,36,10,50,17,20
house,14,36,14,52,14,1,15,1,15,52
rectangle,57,45,99,45,99,9,57,9
circle,4,90,25,3
triangle,57,10,57,9,99,9
square,57,45,99,45
recCircle,57,45,99,45,99,9,57,9,4,90,25,3
house,57,9,57,45,57,10,99,10,99,45
rectangle,96,88,86,88,86,24,96,24
circle,94,4,44,49
triangle,96,15,96,24,86,24
square,96,88,86,88
recCircle,96,88,86,88,86,24,96,24,94,4,44,49
house,96,24,96,88,96,15,86,15,86,88
rectangle,1,99,59,99,59,97,1,97
circle,19,90,81,99
triangle,1,82,1,97,59,97
square,1,99,59,99
recCircle,1,99,59,99,59,97,1,97,19,90,81,99
house,1,97,1,99,1,82,59,82,59,99
rectangle,10,93,58,93,58,39,10,39
circle,73,80,23,91
triangle,10,39,10,39,58,39
square,10,93,58,93
recCircle,10,93,58,93,58,39,10,39,73,80,23,91
house,10,39,10,93,10,39,58,39,58,93
rectangle,58,57,59,57,59,89,58,89
circle,92,3,16,35
triangle,58,12,58,89,59,89
square,58,57,59,57
recCircle,58,57,59,57,59,89,58,89,92,3,16,35
house,58,89,58,57,58,12,59,12,59,57
rectangle,73,87,56,87,56,63,73,63
circle,29,34,47,70
triangle,73,76,73,63,56,63
square,73,87,56,87
recCircle,73,87,56,87,56,63,73,63,29,34,47,70
house,73,63,73,87,73,76,56,76,56,87
rectangle,43,23,45,23,45,99,43,99
circle,17,22,82,100
triangle,43,52,43,99,45,99
square,43,23,45,23
recCircle,43,23,45,23,45,99,43,99,17,22,82,100
house,43,99,43,23,43,52,45,52,45,23
rectangle,58,13,77,13,77,76,58,76
circle,93,11,90,4
triangle,58,1,58,76,77,76
square,58,13,77,13
recCircle,58,13,77,13,77,76,58,76,93,11,90,4
house,58,76,58,13,58,1,77,1,77,13
rectangle,70,56,62,56,62,90,70,90
circle,89,3,2,86
triangle,70,24,70,90,62,90
square,70,56,62,56
recCircle,70,56,62,56,62,90,70,90,89,3,2,86
house,70,90,70,56,70,24,62,24,62,56
rectangle,83,58,86,58,86,18,83,18
circle,89,33,27,70
triangle,83,33,83,18,86,18
square,83,58,86,58
recCircle,83,58,86,58,86,18,83,18,89,33,27,70
house,83,18,83,58,83,33,86,33,86,58
rectangle,55,69,22,69,22,30,55,30
circle,90,26,77,56
triangle,55,93,55,30,22,30
square,55,69,22,69
recCircle,55,69,22,69,22,30,55,30,90,26,77,56
house,55,30,55,69,55,93,22,93,22,69
rectangle,35,61,50,61,50,46,35,46
circle,42,54,13,40
triangle,35,19,35,46,50,46
square,35,61,50,61
recCircle,35,61,50,61,50,46,35,46,42,54,13,40
house,35,46,35,61,35,19,50,19,50,61
rectangle,24,50,80,50,80,30,24,30
circle,97,67,88,50
triangle,24,38,24,30,80,30
square,24,50,80,50
recCircle,24,50,80,50,80,30,24,30,97,67,88,50
house,24,30,24,50,24,38,80,38,80,50
rectangle,94,6,96,6,96,87,94,87
circle,98,83,17,56
triangle,94,89,94,87,96,87
square,94,6,96,6
recCircle,94,6,96,6,96,87,94,87,98,83,17,56
house,94,87,94,6,94,89,96,89,96,6
rectangle,35,87,15,87,15,72,35,72
circle,2,14,17,56
triangle,35,64,35,72,15,72
square,35,87,15,87
recCircle,35,87,15,87,15,72,35,72,2,14,17,56
house,35,72,35,87,35,64,15,64,15,87
rectangle,86,46,54,46,54,33,86,33
circle,13,57,9,22
triangle,86,14,86,33,54,33
square,86,46,54,46
recCircle,86,46,54,46,54,33,86,33,13,57,9,22
house,86,33,86,46,86,14,54,14,54,46
rectangle,59,97,47,97,47,45,59,45
circle,83,30,82,62
triangle,59,23,59,45,47,45
square,59,97,47,97
recCircle,59,97,47,97,47,45,59,45,83,30,82,62
house,59,45,59,97,59,23,47,23,47,97
rectangle,36,60,51,60,51,45,36,45
circle,74,40,67,54
triangle,36,93,36,45,51,45
square,36,60,51,60
recCircle,36,60,51,60,51,45,36,45,74,40,67,54
house,36,45,36,60,36,93,51,93,51,60
rectangle,25,87,55,87,55,50,25,50
circle,11,75,46,23
triangle,25,14,25,50,55,50
square,25,87,55,87
recCircle,25,87,55,87,55,50,25,50,11,75,46,23
house,25,50,25,87,25,14,55,14,55,87
rectangle,69,92,19,92,19,59,69,59
circle,88,26,6,78
triangle,69,3,69,59,19,59
square,69,92,19,92
recCircle,69,92,19,92,19,59,69,59,88,26,6,78
house,69,59,69,92,69,3,19,3,19,92
rectangle,15,73,15,73,15,75,15,75
circle,25,34,35,71
triangle,15,60,15,75,15,75
square,15,73,15,73
recCircle,15,73,15,73,15,75,15,75,25,34,35,71
house,15,75,15,73,15,60,15,60,15,73
rectangle,88,71,98,71,98,74,88,74
circle,19,69,78,93
triangle,88,64,88,74,98,74
square,88,71,98,71
recCircle,88,71,98,71,98,74,88,74,19,69,78,93
house,88,74,88,71,88,64,98,64,98,71
rectangle,86,3,3,3,3,28,86,28
circle,81,28,14,26
triangle,86,100,86,28,3,28
square,86,3,3,3
recCircle,86,3,3,3,3,28,86,28,81,28,14,26
house,86,28,86,3,86,100,3,100,3,3
rectangle,44,82,25,82,25,62,44,62
circle,24,33,73,6
triangle,44,4,44,62,25,62
square,44,82,25,82
recCircle,44,82,25,82,25,62,44,62,24,33,73,6
house,44,62,44,82,44,4,25,4,25,82
rectangle,94,23,26,23,26,43,94,43
circle,32,65,93,1
triangle,94,87,94,43,26,43
square,94,23,26,23
recCircle,94,23,26,23,26,43,94,43,32,65,93,1
house,94,43,94,23,94,87,26,87,26,23
rectangle,88,71,61,71,61,71,88,71
circle,14,34,75,12
triangle,88,36,88,71,61,71
square,88,71,61,71
recCircle,88,71,61,71,61,71,88,71,14,34,75,12
house,88,71,88,71,88,36,61,36,61,71
rectangle,61,41,97,41,97,51,61,51
circle,68,96,86,25
triangle,61,95,61,51,97,51
square,61,41,97,41
recCircle,61,41,97,41,97,51,61,51,68,96,86,25
house,61,51,61,41,61,95,97,95,97,41
rectangle,20,3,26,3,26,59,20,59
circle,77,67,95,79
triangle,20,72,20,59,26,59
square,20,3,26,3
recCircle,20,3,26,3,26,59,20,59,77,67,95,79
house,20,59,20,3,20,72,26,72,26,3
rectangle,94,20,52,20,52,65,94,65
circle,85,1,19,88
triangle,94,53,94,65,52,65
square,94,20,52,20
recCircle,94,20,52,20,52,65,94,65,85,1,19,88
house,94,65,94,20,94,53,52,53,52,20
rectangle,61,16,27,16,27,71,61,71
circle,11,28,58,44
triangle,61,77,61,71,27,71
square,61,16,27,16
recCircle,61,16,27,16,27,71,61,71,11,28,58,44
house,61,71,61,16,61,77,27,77,27,16
rectangle,59,66,65,66,65,87,59,87
circle,10,78,83,75
triangle,59,88,59,87,65,87
square,59,66,65,66
recCircle,59,66,65,66,65,87,59,87,10,78,83,75
house,59,87,59,66,59,88,65,88,65,66
rectangle,26,21,28,21,28,24,26,24
circle,30,63,29,24
triangle,26,3,26,24,28,24
square,26,21,28,21
recCircle,26,21,28,21,28,24,26,24,30,63,29,24
house,26,24,26,21,26,3,28,3,28,21
rectangle,97,65,38,65,38,26,97,26
circle,62,3,96,17
triangle,97,61,97,26,38,26
square,97,65,38,65
recCircle,97,65,38,65,38,26,97,26,62,3,96,17
house,97,26,97,65,97,61,38,61,38,65
rectangle,31,48,27,48,27,12,31,12
circle,12,21,72,91
triangle,31,54,31,12,27,12
square,31,48,27,48
recCircle,31,48,27,48,27,12,31,12,12,21,72,91
house,31,12,31,48,31,54,27,54,27,48
rectangle,25,63,89,63,89,52,25,52
circle,64,1,41,14
triangle,25,30,25,52,89,52
square,25,63,89,63
recCircle,25,63,89,63,89,52,25,52,64,1,41,14
house,25,52,25,63,25,30,89,30,89,63
rectangle,59,1,79,1,79,78,59,78
circle,66,40,8,4
triangle,59,59,59,78,79,78
square,59,1,79,1
recCircle,59,1,79,1,79,78,59,78,66,40,8,4
house,59,78,59,1,59,59,79,59,79,1
rectangle,61,14,58,14,58,9,61,9
circle,25,2,78,51
triangle,61,88,61,9,58,9
square,61,14,58,14
recCircle,61,14,58,14,58,9,61,9,25,2,78,51
house,61,9,61,14,61,88,58,88,58,14
rectangle,61,41,29,41,29,6,61,6
circle,94,5,85,36
triangle,61,12,61,6,29,6
square,61,41,29,41
recCircle,61,41,29,41,29,6,61,6,94,5,85,36
house,61,6,61,41,61,12,29,12,29,41
rectangle,57,57,73,57,73,86,57,86
circle,51,27,24,58
triangle,57,17,57,86,73,86
square,57,57,73,57
recCircle,57,57,73,57,73,86,57,86,51,27,24,58
house,57,86,57,57,57,17,73,17,73,57
rectangle,27,62,58,62,58,70,27,70
circle,38,23,72,18
triangle,27,97,27,70,58,70
square,27,62,58,62
recCircle,27,62,58,62,58,70,27,70,38,23,72,18
house,27,70,27,62,27,97,58,97,58,62
rectangle,13,24,18,24,18,42,13,42
circle,97,30,86,66
triangle,13,30,13,42,18,42
square,13,24,18,24
recCircle,13,24,18,24,18,42,13,42,97,30,86,66
house,13,42,13,24,13,30,18,30,18,24
rectangle,60,63,33,63,33,54,60,54
circle,97,35,56,55
triangle,60,85,60,54,33,54
square,60,63,33,63
recCircle,60,63,33,63,33,54,60,54,97,35,56,55
house,60,54,60,63,60,85,33,85,33,63
rectangle,73,8,58,8,58,64,73,64
circle,70,12,33,36
triangle,73,84,73,64,58,64
square,73,8,58,8
recCircle,73,8,58,8,58,64,73,64,70,12,33,36
house,73,64,73,8,73,84,58,84,58,8
rectangle,68,43,49,43,49,24,68,24
circle,76,12,39,42
triangle,68,55,68,24,49,24
square,68,43,49,43
recCircle,68,43,49,43,49,24,68,24,76,12,39,42
house,68,24,68,43,68,55,49,55,49,43
rectangle,76,27,60,27,60,71,76,71
circle,26,6,22,84
triangle,76,35,76,71,60,71
square,76,27,60,27
recCircle,76,27,60,27,60,71,76,71,26,6,22,84
house,76,71,76,27,76,35,60,35,60,27
rectangle,51,35,99,35,99,94,51,94
circle,80,35,2,57
triangle,51,38,51,94,99,94
square,51,35,99,35
recCircle,51,35,99,35,99,94,51,94,80,35,2,57
house,51,94,51,35,51,38,99,38,99,35
rectangle,94,82,77,82,77,49,94,49
circle,6,14,63,42
triangle,94,1,94,49,77,49
square,94,82,77,82
recCircle,94,82,77,82,77,49,94,49,6,14,63,42
house,94,49,94,82,94,1,77,1,77,82
rectangle,56,78,56,78,56,12,56,12
circle,43,79,63,53
triangle,56,25,56,12,56,12
square,56,78,56,78
recCircle,56,78,56,78,56,12,56,12,43,79,63,53
house,56,12,56,78,56,25,56,25,56,78
rectangle,44,76,97,76,97,14,44,14
circle,74,19,41,11
triangle,44,73,44,14,97,14
square,44,76,97,76
recCircle,44,76,97,76,97,14,44,14,74,19,41,11
house,44,14,44,76,44,73,97,73,97,76
rectangle,18,32,33,32,33,70,18,70
circle,13,89,96,86
triangle,18,41,18,70,33,70
square,18,32,33,32
recCircle,18,32,33,32,33,70,18,70,13,89,96,86
house,18,70,18,32,18,41,33,41,33,32
rectangle,91,54,98,54,98,46,91,46
circle,90,52,91,41
triangle,91,15,91,46,98,46
square,91,54,98,54
recCircle,91,54,98,54,98,46,91,46,90,52,91,41
house,91,46,91,54,91,15,98,15,98,54
rectangle,45,6,59,6,59,93,45,93
circle,36,82,60,4
triangle,45,65,45,93,59,93
square,45,6,59,6
recCircle,45,6,59,6,59,93,45,93,36,82,60,4
house,45,93,45,6,45,65,59,65,59,6
rectangle,30,50,76,50,76,98,30,98
circle,9,62,93,28
triangle,30,57,30,98,76,98
square,30,50,76,50
recCircle,30,50,76,50,76,98,30,98,9,62,93,28
house,30,98,30,50,30,57,76,57,76,50
rectangle,68,75,42,75,42,14,68,14
circle,30,78,41,16
triangle,68,2,68,14,42,14
square,68,75,42,75
recCircle,68,75,42,75,42,14,68,14,30,78,41,16
house,68,14,68,75,68,2,42,2,42,75
rectangle,84,93,14,93,14,2,84,2
circle,93,71,25,29
triangle,84,60,84,2,14,2
square,84,93,14,93
recCircle,84,93,14,93,14,2,84,2,93,71,25,29
house,84,2,84,93,84,60,14,60,14,93
rectangle,28,71,85,71,85,99,28,99
circle,76,48,87,5
triangle,28,88,28,99,85,99
square,28,71,85,71
recCircle,28,71,85,71,85,99,28,99,76,48,87,5
house,28,99,28,71,28,88,85,88,85,71
rectangle,4,11,22,11,22,64,4,64
circle,64,90,7,41
triangle,4,72,4,64,22,64
square,4,11,22,11
recCircle,4,11,22,11,22,64,4,64,64,90,7,41
house,4,64,4,11,4,72,22,72,22,11
rectangle,65,5,43,5,43,92,65,92
circle,20,33,14,51
triangle,65,19,65,92,43,92
square,65,5,43,5
recCircle,65,5,43,5,43,92,65,92,20,33,14,51
house,65,92,65,5,65,19,43,19,43,5
rectangle,6,99,76,99,76,23,6,23
circle,40,85,4,49
triangle,6,48,6,23,76,23
square,6,99,76,99
recCircle,6,99,76,99,76,23,6,23,40,85,4,49
house,6,23,6,99,6,48,76,48,76,99
rectangle,72,13,65,13,65,46,72,46
circle,14,79,76,70
triangle,72,47,72,46,65,46
square,72,13,65,13
recCircle,72,13,65,13,65,46,72,46,14,79,76,70
house,72,46,72,13,72,47,65,47,65,13
rectangle,63,66,20,66,20,45,63,45
circle,86,46,90,9
triangle,63,41,63,45,20,45
square,63,66,20,66
recCircle,63,66,20,66,20,45,63,45,86,46,90,9
house,63,45,63,66,63,41,20,41,20,66
rectangle,19,73,71,73,71,33,19,33
circle,2,88,24,71
triangle,19,53,19,33,71,33
square,19,73,71,73
recCircle,19,73,71,73,71,33,19,33,2,88,24,71
house,19,33,19,73,19,53,71,53,71,73
rectangle,64,1,2,1,2,28,64,28
circle,4,16,24,66
triangle,64,70,64,28,2,28
square,64,1,2,1
recCircle,64,1,2,1,2,28,64,28,4,16,24,66
house,64,28,64,1,64,70,2,70,2,1
rectangle,29,38,44,38,44,44,29,44
circle,48,64,89,50
triangle,29,10,29,44,44,44
square,29,38,44,38
recCircle,29,38,44,38,44,44,29,44,48,64,89,50
house,29,44,29,38,29,10,44,10,44,38
rectangle,82,22,89,22,89,61,82,61
circle,43,55,9,89
triangle,82,59,82,61,89,61
square,82,22,89,22
recCircle,82,22,89,22,89,61,82,61,43,55,9,89
house,82,61,82,22,82,59,89,59,89,22
rectangle,47,21,91,21,91,31,47,31
circle,50,68,44,37
triangle,47,49,47,31,91,31
square,47,21,91,21
recCircle,47,21,91,21,91,31,47,31,50,68,44,37
house,47,31,47,21,47,49,91,49,91,21
rectangle,84,54,36,54,36,39,84,39
circle,27,25,86,49
triangle,84,30,84,39,36,39
square,84,54,36,54
recCircle,84,54,36,54,36,39,84,39,27,25,86,49
house,84,39,84,54,84,30,36,30,36,54
rectangle,24,56,60,56,60,45,24,45
circle,58,27,67,12
triangle,24,19,24,45,60,45
square,24,56,60,56
recCircle,24,56,60,56,60,45,24,45,58,27,67,12
house,24,45,24,56,24,19,60,19,60,56
rectangle,26,85,56,85,56,97,26,97
circle,2,65,50,43
triangle,26,16,26,97,56,97
square,26,85,56,85
recCircle,26,85,56,85,56,97,26,97,2,65,50,43
house,26,97,26,85,26,16,56,16,56,85
rectangle,76,73,14,73,14,49,76,49
circle,43,7,97,74
triangle,76,27,76,49,14,49
square,76,73,14,73
recCircle,76,73,14,73,14,49,76,49,43,7,97,74
house,76,49,76,73,76,27,14,27,14,73
rectangle,30,76,5,76,5,13,30,13
circle,6,66,27,37
triangle,30,94,30,13,5,13
square,30,76,5,76
recCircle,30,76,5,76,5,13,30,13,6,66,27,37
house,30,13,30,76,30,94,5,94,5,76
rectangle,37,53,42,53,42,57,37,57
circle,15,39,95,83
triangle,37,37,37,57,42,57
square,37,53,42,53
recCircle,37,53,42,53,42,57,37,57,15,39,95,83
house,37,57,37,53,37,37,42,37,42,53
rectangle,56,26,16,26,16,42,56,42
circle,32,38,31,87
triangle,56,12,56,42,16,42
square,56,26,16,26
recCircle,56,26,16,26,16,42,56,42,32,38,31,87
house,56,42,56,26,56,12,16,12,16,26
rectangle,91,54,51,54,51,94,91,94
circle,63,53,35,9
triangle,91,17,91,94,51,94
square,91,54,51,54
recCircle,91,54,51,54,51,94,91,94,63,53,35,9
house,91,94,91,54,91,17,51,17,51,54
rectangle,63,4,34,4,34,35,63,35
circle,55,49,4,25
triangle,63,57,63,35,34,35
square,63,4,34,4
recCircle,63,4,34,4,34,35,63,35,55,49,4,25
house,63,35,63,4,63,57,34,57,34,4
rectangle,18,81,14,81,14,1,18,1
circle,10,59,29,51
triangle,18,19,18,1,14,1
square,18,81,14,81
recCircle,18,81,14,81,14,1,18,1,10,59,29,51
house,18,1,18,81,18,19,14,19,14,81
rectangle,56,44,62,44,62,77,56,77
circle,65,3,4,62
triangle,56,10,56,77,62,77
square,56,44,62,44
recCircle,56,44,62,44,62,77,56,77,65,3,4,62
house,56,77,56,44,56,10,62,10,62,44
